# Time-averaged data for fix smd_results
# TimeStep f_smd[1] f_smd[2] f_smd[3] f_smd[4] f_smd[5] f_smd[6] f_smd[7]
10100 -0.389953 -0.755718 -0.131596 0.859048 1.06622 1.10934 0.00133929
10200 0.536932 1.21521 0.292976 -1.35282 1.05622 0.988292 -0.00401713
10300 2.317 3.26234 1.196 -4.13781 1.04622 0.837499 -0.0229633
10400 2.09448 1.77173 0.264439 -2.58258 1.03622 0.898513 -0.0608409
10500 1.17334 0.314206 -0.0956362 -0.822869 1.02622 0.965393 -0.0787978
10600 -0.369443 0.0256378 0.0222086 0.154552 1.01622 1.03487 -0.0794007
10700 -6.87475 3.02626 0.434549 0.701811 1.00622 1.38251 -0.0721656
10800 -10.4278 6.07285 1.21858 -0.304127 0.996215 1.60275 -0.0685483
10900 -7.64431 7.73784 -0.671378 -2.72216 0.986215 1.5312 -0.0895718
11000 -2.11888 7.60607 -1.1514 -5.21974 0.976215 1.37528 -0.131585
